,0,1,2,3,4,5,6,7,8,9,10,11,12,13,14,15,16,17,18,19,20,21,22,23,24,25,26,27
0,0,1,1,1,66,0,0,0,0,0,0,0.0,0.0,0.0,0.0,0.0,0.0,0.0,0,0,0.0,0.0,0.0,0.0,0.0,0.0,0.0,0.0
1,0,1,2,1,66,0,0,0,0,0,0,0.0,0.0,0.0,0.0,0.0,0.0,0.0,0,0,0.0,0.0,0.0,0.0,0.0,0.0,0.0,0.0
2,0,1,1,1,66,0,0,0,0,0,1,0.0,0.0,0.0,0.0,0.0,0.0,1.0,0,1,0.0,0.0,0.0,1.0,0.0,0.0,0.0,0.0
3,0,1,2,1,66,0,0,0,0,0,0,0.0,0.0,0.0,0.0,0.0,0.0,0.0,1,1,1.0,0.0,0.5,0.0,0.0,0.0,0.0,0.0
4,0,1,1,1,54,0,0,0,0,0,1,0.0,0.0,0.0,0.0,0.0,0.0,1.0,0,2,0.0,0.0,0.0,1.0,0.0,0.0,0.0,0.0
5,0,1,1,1,66,0,0,0,0,0,2,0.0,0.0,0.0,0.0,0.0,0.0,1.0,0,3,0.0,0.0,0.0,1.0,0.0,0.0,0.0,0.0
6,0,1,1,1,66,0,0,0,0,0,3,0.0,0.0,0.0,0.0,0.0,0.0,1.0,0,4,0.0,0.0,0.0,1.0,0.0,0.0,0.0,0.0
7,0,1,1,1,66,0,0,0,0,0,4,0.0,0.0,0.0,0.0,0.0,0.0,1.0,0,5,0.0,0.0,0.0,1.0,0.0,0.0,0.0,0.0
8,0,1,1,1,54,0,0,0,0,0,5,0.0,0.0,0.0,0.0,0.0,0.0,1.0,0,6,0.0,0.0,0.0,1.0,0.0,0.0,0.0,0.0
9,0,1,2,1,66,0,0,0,0,1,1,0.0,0.0,0.0,0.0,1.0,0.0,0.0,2,2,1.0,0.0,0.67,0.0,0.0,0.0,0.0,0.0
10,0,1,2,1,60,0,0,0,0,2,2,0.0,0.0,0.0,0.0,1.0,0.0,0.0,3,3,1.0,0.0,0.75,0.0,0.0,0.0,0.0,0.0
11,0,1,2,1,60,0,0,0,0,3,3,0.0,0.0,0.0,0.0,1.0,0.0,0.0,4,4,1.0,0.0,0.8,0.0,0.0,0.0,0.0,0.0
12,0,1,2,1,66,0,0,0,0,4,4,0.0,0.0,0.0,0.0,1.0,0.0,0.0,5,5,1.0,0.0,0.83,0.0,0.0,0.0,0.0,0.0
13,0,1,2,1,66,0,0,0,0,5,5,0.0,0.0,0.0,0.0,1.0,0.0,0.0,6,6,1.0,0.0,0.86,0.0,0.0,0.0,0.0,0.0
14,0,1,2,1,97,0,0,0,0,6,6,0.0,0.0,0.0,0.0,1.0,0.0,0.0,7,7,1.0,0.0,0.88,0.0,0.0,0.0,0.0,0.0
15,0,1,2,1,66,0,0,0,0,1,1,0.0,0.0,0.0,0.0,1.0,0.0,0.0,8,8,1.0,0.0,0.89,0.0,0.0,0.0,0.0,0.0
16,0,1,1,1,66,0,0,0,0,0,0,0.0,0.0,0.0,0.0,0.0,0.0,0.0,0,7,0.0,0.0,0.0,1.0,0.0,0.0,0.0,0.0
17,0,1,2,1,66,0,0,0,0,0,2,0.0,0.0,0.0,0.0,0.0,0.0,1.0,0,9,0.0,0.0,0.0,1.0,0.0,0.0,0.0,0.0
18,0,1,3,1,66,0,0,0,0,0,0,0.0,0.0,0.0,0.0,0.0,0.0,0.0,9,0,0.0,1.0,0.0,0.0,0.0,0.0,0.0,0.0
19,0,1,1,1,66,0,0,0,0,0,0,0.0,0.0,0.0,0.0,0.0,0.0,0.0,1,8,1.0,0.0,0.11,0.88,0.0,0.0,0.0,0.0
20,0,1,2,1,66,0,0,0,0,0,0,0.0,0.0,0.0,0.0,0.0,0.0,0.0,10,10,0.9,0.1,0.82,0.1,0.0,0.0,0.0,0.0
21,0,1,1,1,54,0,0,0,0,0,1,0.0,0.0,0.0,0.0,0.0,0.0,1.0,1,9,1.0,0.0,0.1,0.89,0.0,0.0,0.0,0.0
22,0,1,1,1,54,0,0,0,0,0,1,0.0,0.0,0.0,0.0,0.0,0.0,1.0,1,10,1.0,0.0,0.09,0.9,0.0,0.0,0.0,0.0
23,0,1,1,1,66,0,0,0,0,0,2,0.0,0.0,0.0,0.0,0.0,0.0,1.0,1,11,1.0,0.0,0.08,0.91,0.0,0.0,0.0,0.0
24,0,1,1,1,66,0,0,0,0,0,3,0.0,0.0,0.0,0.0,0.0,0.0,1.0,1,12,1.0,0.0,0.08,0.92,0.0,0.0,0.0,0.0
25,0,1,1,1,66,0,0,0,0,0,4,0.0,0.0,0.0,0.0,0.0,0.0,1.0,1,13,1.0,0.0,0.07,0.92,0.0,0.0,0.0,0.0
26,0,1,1,1,66,0,0,0,0,0,5,0.0,0.0,0.0,0.0,0.0,0.0,1.0,1,14,1.0,0.0,0.07,0.93,0.0,0.0,0.0,0.0
27,0,1,2,1,66,0,0,0,0,0,0,0.0,0.0,0.0,0.0,0.0,0.0,0.0,11,11,0.91,0.09,0.83,0.09,0.0,0.0,0.0,0.0
28,0,1,2,1,60,0,0,0,0,1,1,0.0,0.0,0.0,0.0,1.0,0.0,0.0,12,12,0.92,0.08,0.85,0.08,0.0,0.0,0.0,0.0
29,0,1,2,1,66,0,0,0,0,2,2,0.0,0.0,0.0,0.0,1.0,0.0,0.0,13,13,0.92,0.08,0.86,0.08,0.0,0.0,0.0,0.0
30,0,1,2,1,66,0,0,0,0,3,3,0.0,0.0,0.0,0.0,1.0,0.0,0.0,14,14,0.93,0.07,0.87,0.07,0.0,0.0,0.0,0.0
31,0,1,2,1,66,0,0,0,0,4,4,0.0,0.0,0.0,0.0,1.0,0.0,0.0,15,15,0.93,0.07,0.88,0.07,0.0,0.0,0.0,0.0
32,0,1,1,1,66,0,0,0,0,0,6,0.0,0.0,0.0,0.0,0.0,0.0,1.0,1,15,1.0,0.0,0.06,0.93,0.0,0.0,0.0,0.0
33,0,1,2,1,60,0,0,0,0,0,0,0.0,0.0,0.0,0.0,0.0,0.0,0.0,16,16,0.94,0.06,0.88,0.06,0.0,0.0,0.0,0.0
34,0,1,2,1,66,0,0,0,0,0,1,0.0,0.0,0.0,0.0,0.0,0.0,1.0,1,17,1.0,0.0,0.06,0.94,0.0,0.0,0.0,0.0
35,0,1,3,1,66,0,0,0,0,0,0,0.0,0.0,0.0,0.0,0.0,0.0,0.0,17,1,0.06,0.94,0.5,0.0,0.0,0.0,0.0,0.0
36,90,2,3,2,27450,0,0,0,0,0,1,0.0,0.0,0.0,0.0,0.0,0.0,1.0,0,2,0.0,0.0,0.0,1.0,0.0,0.0,0.0,0.0
37,60,2,2,2,525,0,0,0,0,0,0,0.0,0.0,0.0,0.0,0.0,0.0,0.0,0,18,0.0,0.0,0.0,1.0,0.0,0.0,0.0,0.0
38,60,2,2,2,525,0,0,0,0,1,1,0.0,0.0,0.0,0.0,0.0,1.0,1.0,1,19,0.0,1.0,0.05,1.0,0.0,0.0,0.0,0.0
39,4,2,2,2,9327,0,0,0,0,0,2,0.0,0.0,0.0,0.0,0.0,0.0,1.0,0,20,0.0,0.0,0.0,1.0,0.0,0.0,0.0,0.0
40,0,2,2,2,136,0,0,0,0,0,3,0.0,0.0,0.0,0.0,0.0,0.0,1.0,0,21,0.0,0.0,0.0,1.0,0.0,0.0,0.0,0.0
41,60,2,2,2,1344,0,0,0,0,1,4,0.0,0.0,0.0,0.0,1.0,0.0,0.75,1,22,1.0,0.0,0.09,0.95,0.0,0.0,0.0,0.0
42,60,2,2,2,672,0,0,0,0,2,5,0.0,0.0,0.0,0.0,0.5,0.5,0.8,2,23,0.5,0.5,0.12,0.96,0.0,0.0,0.0,0.0
43,3,2,2,2,864,0,0,0,0,1,6,0.0,0.0,0.0,0.0,1.0,0.0,0.83,1,24,1.0,0.0,0.0,0.96,0.0,0.0,0.0,0.0
44,0,2,2,2,131,0,0,0,0,2,7,0.0,0.0,0.0,0.0,1.0,0.0,0.71,2,25,1.0,0.0,0.0,0.92,0.0,0.0,0.0,0.0
45,60,2,2,2,525,0,0,0,0,3,8,0.0,0.0,0.0,0.0,1.0,0.0,0.62,3,26,1.0,0.0,0.15,0.88,0.0,0.0,0.0,0.0
46,60,2,2,2,525,0,0,0,0,3,9,0.0,0.0,0.0,0.0,0.67,0.33,0.78,3,27,0.67,0.33,0.18,0.93,0.0,0.0,0.0,0.0
47,60,2,2,2,558,0,0,0,0,4,10,0.0,0.0,0.0,0.0,1.0,0.0,0.6,4,28,1.0,0.0,0.21,0.86,0.0,0.0,0.0,0.0
48,60,2,2,2,558,0,0,0,0,4,11,0.0,0.0,0.0,0.0,0.75,0.25,0.73,4,29,0.75,0.25,0.23,0.9,0.0,0.0,0.0,0.0
49,60,2,3,2,258,0,0,0,0,5,1,0.0,0.0,0.0,0.0,0.2,0.8,0.0,5,3,0.2,0.8,0.0,0.67,0.0,0.0,0.0,0.0
50,6,2,2,2,996,0,0,0,0,2,12,0.0,0.0,0.0,0.0,1.0,0.0,0.83,2,30,1.0,0.0,0.0,0.93,0.0,0.0,0.0,0.0
51,84,2,2,2,2085,0,0,0,0,3,13,0.0,0.0,0.0,0.0,1.0,0.0,0.77,3,31,1.0,0.0,0.0,0.9,0.0,0.0,0.0,0.0
52,0,2,2,2,342,0,0,0,0,5,14,0.0,0.0,0.0,0.0,1.0,0.0,0.64,5,32,1.0,0.0,0.0,0.84,0.0,0.0,0.0,0.0
53,0,2,2,2,131,0,0,0,0,6,15,0.0,0.0,0.0,0.0,1.0,0.0,0.6,6,33,1.0,0.0,0.0,0.82,0.0,0.0,0.0,0.0
54,0,2,2,2,513,0,0,0,0,6,16,0.0,0.0,0.0,0.0,0.67,0.33,0.75,6,34,0.67,0.33,0.0,0.88,0.0,0.0,0.0,0.0
55,0,2,2,2,342,0,0,0,0,7,17,0.0,0.0,0.0,0.0,1.0,0.0,0.59,7,35,1.0,0.0,0.03,0.8,0.0,0.0,0.0,0.0
56,0,2,2,2,131,0,0,0,0,8,18,0.0,0.0,0.0,0.0,1.0,0.0,0.56,8,36,1.0,0.0,0.0,0.78,0.0,0.0,0.0,0.0
57,60,2,2,2,768,0,0,0,0,7,19,0.0,0.0,0.0,0.0,0.71,0.29,0.74,7,37,0.71,0.29,0.21,0.86,0.0,0.0,0.0,0.0
58,0,2,2,2,131,0,0,0,0,9,20,0.0,0.0,0.0,0.0,1.0,0.0,0.55,9,38,1.0,0.0,0.0,0.76,0.0,0.0,0.0,0.0
59,0,2,2,2,131,0,0,0,0,10,21,0.0,0.0,0.0,0.0,1.0,0.0,0.52,10,39,1.0,0.0,0.0,0.74,0.0,0.0,0.0,0.0
60,60,2,2,2,660,0,0,0,0,11,22,0.0,0.0,0.0,0.0,1.0,0.0,0.5,11,40,1.0,0.0,0.22,0.72,0.0,0.0,0.0,0.0
61,60,2,2,2,660,0,0,0,0,8,23,0.0,0.0,0.0,0.0,0.75,0.25,0.74,8,41,0.75,0.25,0.24,0.85,0.0,0.0,0.0,0.0
62,33,2,2,2,2148,0,0,0,0,4,24,0.0,0.0,0.0,0.0,1.0,0.0,0.83,4,42,1.0,0.0,0.0,0.9,0.0,0.0,0.0,0.0
63,0,2,2,2,131,0,0,0,0,12,25,0.0,0.0,0.0,0.0,1.0,0.0,0.52,12,43,1.0,0.0,0.0,0.72,0.0,0.0,0.0,0.0
64,0,2,2,2,131,0,0,0,0,13,26,0.0,0.0,0.0,0.0,1.0,0.0,0.5,13,44,1.0,0.0,0.0,0.7,0.0,0.0,0.0,0.0
65,60,2,2,2,1719,0,0,0,0,14,27,0.0,0.0,0.0,0.0,1.0,0.0,0.48,14,45,1.0,0.0,0.24,0.69,0.0,0.0,0.0,0.0
66,60,2,2,2,1719,0,0,0,0,9,28,0.0,0.0,0.0,0.0,0.78,0.22,0.75,9,46,0.78,0.22,0.26,0.85,0.0,0.0,0.0,0.0
67,60,2,2,2,744,0,0,0,0,15,29,0.0,0.0,0.0,0.0,1.0,0.0,0.48,15,47,1.0,0.0,0.27,0.68,0.0,0.0,0.0,0.0
68,60,2,2,2,744,0,0,0,0,10,30,0.0,0.0,0.0,0.0,0.8,0.2,0.73,10,48,0.8,0.2,0.29,0.83,0.0,0.0,0.0,0.0
69,0,2,2,2,131,0,0,0,0,16,31,0.0,0.0,0.0,0.0,1.0,0.0,0.48,16,49,1.0,0.0,0.0,0.67,0.0,0.0,0.0,0.0
70,60,2,2,2,585,0,0,0,0,17,32,0.0,0.0,0.0,0.0,1.0,0.0,0.47,17,50,1.0,0.0,0.29,0.66,0.0,0.0,0.0,0.0
71,60,2,2,2,585,0,0,0,0,11,33,0.0,0.0,0.0,0.0,0.82,0.18,0.73,11,51,0.82,0.18,0.31,0.82,0.0,0.0,0.0,0.0
72,3,2,2,2,864,0,0,0,0,5,34,0.0,0.0,0.0,0.0,1.0,0.0,0.85,5,52,1.0,0.0,0.0,0.9,0.0,0.0,0.0,0.0
73,60,2,2,2,564,0,0,0,0,18,35,0.0,0.0,0.0,0.0,1.0,0.0,0.49,18,53,1.0,0.0,0.31,0.66,0.0,0.0,0.0,0.0
74,60,2,2,2,564,0,0,0,0,12,36,0.0,0.0,0.0,0.0,0.83,0.17,0.72,12,54,0.83,0.17,0.33,0.81,0.0,0.0,0.0,0.0
75,0,2,2,2,131,0,0,0,0,19,37,0.0,0.0,0.0,0.0,1.0,0.0,0.49,19,55,1.0,0.0,0.0,0.65,0.0,0.0,0.0,0.0
76,60,2,2,2,1014,0,0,0,0,20,38,0.0,0.0,0.0,0.0,1.0,0.0,0.47,20,56,1.0,0.0,0.33,0.64,0.0,0.0,0.0,0.0
77,60,2,2,2,1014,0,0,0,0,13,39,0.0,0.0,0.0,0.0,0.85,0.15,0.72,13,57,0.85,0.15,0.34,0.81,0.0,0.0,0.0,0.0
78,3,2,2,2,864,0,0,0,0,6,40,0.0,0.0,0.0,0.0,1.0,0.0,0.85,6,58,1.0,0.0,0.0,0.9,0.0,0.0,0.0,0.0
79,60,2,2,2,11430,0,0,0,0,21,41,0.0,0.0,0.0,0.0,1.0,0.0,0.49,21,59,1.0,0.0,0.35,0.64,0.0,0.0,0.0,0.0
80,60,2,2,2,2286,0,0,0,0,14,42,0.0,0.0,0.0,0.0,0.86,0.14,0.71,14,60,0.86,0.14,0.36,0.8,0.0,0.0,0.0,0.0
81,0,2,2,2,131,0,0,0,0,22,43,0.0,0.0,0.0,0.0,1.0,0.0,0.49,22,61,1.0,0.0,0.0,0.64,0.0,0.0,0.0,0.0
82,60,2,2,2,948,0,0,0,0,23,44,0.0,0.0,0.0,0.0,1.0,0.0,0.48,23,62,1.0,0.0,0.37,0.63,0.0,0.0,0.0,0.0
83,60,2,2,2,948,0,0,0,0,15,45,0.0,0.0,0.0,0.0,0.87,0.13,0.71,15,63,0.87,0.13,0.38,0.79,0.0,0.0,0.0,0.0
84,0,2,2,2,131,0,0,0,0,24,46,0.0,0.0,0.0,0.0,1.0,0.0,0.48,24,64,1.0,0.0,0.0,0.62,0.0,0.0,0.0,0.0
85,60,2,2,2,564,0,0,0,0,25,47,0.0,0.0,0.0,0.0,1.0,0.0,0.47,25,65,1.0,0.0,0.38,0.62,0.0,0.0,0.0,0.0
86,60,2,2,2,564,0,0,0,0,16,48,0.0,0.0,0.0,0.0,0.88,0.12,0.71,16,66,0.88,0.12,0.39,0.79,0.0,0.0,0.0,0.0
87,5,2,2,2,434,0,0,0,0,7,49,0.0,0.0,0.0,0.0,1.0,0.0,0.86,7,67,1.0,0.0,0.0,0.9,0.0,0.0,0.0,0.0
88,60,2,2,2,951,0,0,0,0,26,50,0.0,0.0,0.0,0.0,1.0,0.0,0.48,26,68,1.0,0.0,0.39,0.62,0.0,0.0,0.0,0.0
89,60,2,2,2,951,0,0,0,0,17,51,0.0,0.0,0.0,0.0,0.88,0.12,0.71,17,69,0.88,0.12,0.4,0.78,0.0,0.0,0.0,0.0
90,60,2,2,2,1440,0,0,0,0,27,52,0.0,0.0,0.0,0.0,1.0,0.0,0.48,27,70,1.0,0.0,0.41,0.61,0.0,0.0,0.0,0.0
91,60,2,2,2,1440,0,0,0,0,18,53,0.0,0.0,0.0,0.0,0.89,0.11,0.7,18,71,0.89,0.11,0.42,0.77,0.0,0.0,0.0,0.0
92,60,2,2,2,627,0,0,0,0,28,54,0.0,0.0,0.0,0.0,1.0,0.0,0.48,28,72,1.0,0.0,0.42,0.61,0.0,0.0,0.0,0.0
93,60,2,2,2,627,0,0,0,0,19,55,0.0,0.0,0.0,0.0,0.89,0.11,0.69,19,73,0.89,0.11,0.43,0.77,0.0,0.0,0.0,0.0
94,0,2,2,2,131,0,0,0,0,29,56,0.0,0.0,0.0,0.0,1.0,0.0,0.48,29,74,1.0,0.0,0.0,0.61,0.0,0.0,0.0,0.0
95,1,2,2,2,276,0,0,0,0,20,57,0.0,0.0,0.0,0.0,0.9,0.1,0.68,20,75,0.9,0.1,0.0,0.76,0.0,0.0,0.0,0.0
96,0,2,2,2,128,0,0,0,0,1,58,0.0,0.0,0.0,0.0,1.0,0.0,0.98,1,76,1.0,0.0,0.0,0.99,0.0,0.0,0.0,0.0
97,0,2,2,2,128,0,0,0,0,2,59,0.0,0.0,0.0,0.0,1.0,0.0,0.97,2,77,1.0,0.0,0.0,0.97,0.0,0.0,0.0,0.0
98,60,2,2,2,702,0,0,0,0,30,60,0.0,0.0,0.0,0.0,1.0,0.0,0.5,30,78,1.0,0.0,0.42,0.62,0.0,0.0,0.0,0.0
99,60,2,2,2,702,0,0,0,0,21,61,0.0,0.0,0.0,0.0,0.9,0.1,0.69,21,79,0.9,0.1,0.42,0.76,0.0,0.0,0.0,0.0
100,3,2,2,2,864,0,0,0,0,8,62,0.0,0.0,0.0,0.0,1.0,0.0,0.87,8,80,1.0,0.0,0.0,0.9,0.0,0.0,0.0,0.0
101,0,2,2,2,131,0,0,0,0,31,63,0.0,0.0,0.0,0.0,1.0,0.0,0.51,31,81,1.0,0.0,0.0,0.62,0.0,0.0,0.0,0.0
102,40,2,2,2,164,0,0,0,0,32,64,0.0,0.0,0.0,0.0,1.0,0.0,0.5,32,81,1.0,0.0,0.0,0.6,0.0,0.0,0.0,0.0
103,21,2,2,2,651,0,0,0,0,9,65,0.0,0.0,0.0,0.0,1.0,0.0,0.86,9,82,1.0,0.0,0.0,0.89,0.0,0.0,0.0,0.0
104,60,2,2,2,666,0,0,0,0,22,66,0.0,0.0,0.0,0.0,0.91,0.09,0.7,22,82,0.91,0.09,0.42,0.76,0.0,0.0,0.0,0.0
105,3,2,2,2,864,0,0,0,0,10,67,0.0,0.0,0.0,0.0,1.0,0.0,0.85,10,83,1.0,0.0,0.0,0.88,0.0,0.0,0.0,0.0
106,0,2,2,2,131,0,0,0,0,33,68,0.0,0.0,0.0,0.0,1.0,0.0,0.51,33,84,1.0,0.0,0.0,0.61,0.0,0.0,0.0,0.0
107,40,2,2,2,164,0,0,0,0,23,69,0.0,0.0,0.0,0.0,0.91,0.09,0.7,23,85,0.91,0.09,0.01,0.75,0.0,0.0,0.0,0.0
108,60,2,2,2,891,0,0,0,0,34,70,0.0,0.0,0.0,0.0,1.0,0.0,0.51,34,86,1.0,0.0,0.41,0.6,0.0,0.0,0.0,0.0
109,60,2,2,2,891,0,0,0,0,24,71,0.0,0.0,0.0,0.0,0.92,0.08,0.69,24,87,0.92,0.08,0.42,0.75,0.0,0.0,0.0,0.0
110,0,2,2,2,349,0,0,0,0,11,72,0.0,0.0,0.0,0.0,1.0,0.0,0.85,11,87,1.0,0.0,0.0,0.87,0.0,0.0,0.0,0.0
111,0,2,2,2,349,0,0,0,0,12,73,0.0,0.0,0.0,0.0,1.0,0.0,0.84,12,87,1.0,0.0,0.0,0.86,0.0,0.0,0.0,0.0
112,0,2,2,2,131,0,0,0,0,35,74,0.0,0.0,0.0,0.0,1.0,0.0,0.53,35,87,1.0,0.0,0.0,0.6,0.0,0.0,0.0,0.0
113,1,2,2,2,276,0,0,0,0,25,75,0.0,0.0,0.0,0.0,0.92,0.08,0.69,25,87,0.92,0.08,0.01,0.74,0.0,0.0,0.0,0.0
114,0,2,2,2,131,0,0,0,0,36,76,0.0,0.0,0.0,0.0,1.0,0.0,0.53,36,87,1.0,0.0,0.0,0.59,0.0,0.0,0.0,0.0
115,0,2,2,2,131,0,0,0,0,37,77,0.0,0.0,0.0,0.0,1.0,0.0,0.52,37,87,1.0,0.0,0.0,0.57,0.0,0.0,0.0,0.0
116,0,2,2,2,131,0,0,0,0,38,78,0.0,0.0,0.0,0.0,1.0,0.0,0.51,38,87,1.0,0.0,0.0,0.56,0.0,0.0,0.0,0.0
117,3,2,2,2,864,0,0,0,0,13,79,0.0,0.0,0.0,0.0,1.0,0.0,0.84,13,88,1.0,0.0,0.0,0.85,0.0,0.0,0.0,0.0
118,0,2,2,2,138,0,0,0,0,3,80,0.0,0.0,0.0,0.0,1.0,0.0,0.96,3,88,1.0,0.0,0.0,0.97,0.0,0.0,0.0,0.0
119,0,2,2,2,131,0,0,0,0,39,81,0.0,0.0,0.0,0.0,1.0,0.0,0.52,39,89,1.0,0.0,0.0,0.56,0.0,0.0,0.0,0.0
120,31,2,2,2,680,0,0,0,0,0,82,0.0,0.0,0.0,0.0,0.0,0.0,1.0,0,90,0.0,0.0,0.0,1.0,0.0,0.0,0.0,0.0
121,31,2,2,2,1145,0,0,0,0,1,83,0.0,0.0,0.0,0.0,1.0,0.0,0.99,1,90,1.0,0.0,0.01,0.99,0.0,0.0,0.0,0.0
122,31,2,2,2,490,0,0,0,0,2,84,0.0,0.0,0.0,0.0,1.0,0.0,0.98,2,91,1.0,0.0,0.02,0.98,0.0,0.0,0.0,0.0
123,0,2,2,2,131,0,0,0,0,40,85,0.0,0.0,0.0,0.0,1.0,0.0,0.53,40,92,1.0,0.0,0.0,0.57,0.0,0.0,0.0,0.0
124,3,2,2,2,864,0,0,0,0,14,86,0.0,0.0,0.0,0.0,1.0,0.0,0.84,14,93,1.0,0.0,0.0,0.85,0.0,0.0,0.0,0.0
125,20,2,2,2,432,0,0,0,0,15,87,0.0,0.0,0.0,0.0,1.0,0.0,0.83,15,94,1.0,0.0,0.0,0.84,0.0,0.0,0.0,0.0
126,0,2,2,2,131,0,0,0,0,41,88,0.0,0.0,0.0,0.0,1.0,0.0,0.53,41,95,1.0,0.0,0.0,0.57,0.0,0.0,0.0,0.0
127,1,2,2,2,276,0,0,0,0,26,89,0.0,0.0,0.0,0.0,0.92,0.08,0.73,26,96,0.92,0.08,0.02,0.75,0.0,0.0,0.0,0.0
128,0,2,2,2,128,0,0,0,0,4,90,0.0,0.0,0.0,0.0,1.0,0.0,0.96,4,96,1.0,0.0,0.0,0.96,0.0,0.0,0.0,0.0
129,0,2,2,2,128,0,0,0,0,5,91,0.0,0.0,0.0,0.0,1.0,0.0,0.95,5,96,1.0,0.0,0.0,0.95,0.0,0.0,0.0,0.0
130,0,2,2,2,131,0,0,0,0,42,92,0.0,0.0,0.0,0.0,1.0,0.0,0.54,42,96,1.0,0.0,0.0,0.56,0.0,0.0,0.0,0.0
131,3,2,2,2,864,0,0,0,0,16,93,0.0,0.0,0.0,0.0,1.0,0.0,0.83,16,96,1.0,0.0,0.0,0.83,0.0,0.0,0.0,0.0
132,0,2,2,2,138,0,0,0,0,6,94,0.0,0.0,0.0,0.0,1.0,0.0,0.94,6,96,1.0,0.0,0.0,0.94,0.0,0.0,0.0,0.0
133,3,2,2,2,864,0,0,0,0,17,95,0.0,0.0,0.0,0.0,1.0,0.0,0.82,17,97,1.0,0.0,0.0,0.82,0.0,0.0,0.0,0.0
134,0,2,2,2,131,0,0,0,0,43,96,0.0,0.0,0.0,0.0,1.0,0.0,0.55,43,97,1.0,0.0,0.0,0.56,0.0,0.0,0.0,0.0
135,3,2,2,2,864,0,0,0,0,18,97,0.0,0.0,0.0,0.0,1.0,0.0,0.81,18,97,1.0,0.0,0.0,0.81,0.0,0.0,0.0,0.0
136,3,2,2,2,328,0,0,0,0,3,98,0.0,0.0,0.0,0.0,1.0,0.0,0.97,3,98,1.0,0.0,0.03,0.97,0.0,0.0,0.0,0.0
137,3,2,2,2,864,0,0,0,0,19,99,0.0,0.0,0.0,0.0,1.0,0.0,0.81,19,99,1.0,0.0,0.0,0.81,0.0,0.0,0.0,0.0
138,0,2,2,2,208,0,0,0,0,44,100,0.0,0.0,0.0,0.0,1.0,0.0,0.56,43,99,1.0,0.0,0.0,0.57,0.0,0.0,0.0,0.0
139,0,2,2,2,131,0,0,0,0,45,101,0.0,0.0,0.0,0.0,1.0,0.0,0.55,44,99,1.0,0.0,0.0,0.56,0.0,0.0,0.0,0.0
140,0,2,2,2,131,0,0,0,0,46,102,0.0,0.0,0.0,0.0,1.0,0.0,0.55,45,99,1.0,0.0,0.0,0.55,0.0,0.0,0.0,0.0
141,12,2,2,2,432,0,0,0,0,20,103,0.0,0.0,0.0,0.0,1.0,0.0,0.81,19,99,1.0,0.0,0.0,0.81,0.0,0.0,0.0,0.0
142,0,2,2,2,131,0,0,0,0,47,104,0.0,0.0,0.0,0.0,1.0,0.0,0.55,45,99,1.0,0.0,0.0,0.55,0.0,0.0,0.0,0.0
143,1,2,2,2,276,0,0,0,0,27,105,0.0,0.0,0.0,0.0,0.93,0.07,0.76,24,99,0.96,0.04,0.03,0.77,0.0,0.0,0.0,0.0
144,1,2,2,2,552,0,0,0,0,28,106,0.0,0.0,0.0,0.0,0.93,0.07,0.75,25,99,0.96,0.04,0.04,0.76,0.0,0.0,0.0,0.0
145,0,2,2,2,132,0,0,0,0,7,107,0.0,0.0,0.0,0.0,1.0,0.0,0.93,6,99,1.0,0.0,0.0,0.94,0.0,0.0,0.0,0.0
146,0,2,2,2,132,0,0,0,0,8,108,0.0,0.0,0.0,0.0,1.0,0.0,0.93,7,99,1.0,0.0,0.0,0.93,0.0,0.0,0.0,0.0
147,0,2,2,2,131,0,0,0,0,48,109,0.0,0.0,0.0,0.0,1.0,0.0,0.56,44,99,1.0,0.0,0.0,0.56,0.0,0.0,0.0,0.0
148,3,2,2,2,864,0,0,0,0,21,110,0.0,0.0,0.0,0.0,1.0,0.0,0.81,19,99,1.0,0.0,0.0,0.81,0.0,0.0,0.0,0.0
149,3,2,2,2,864,0,0,0,0,22,111,0.0,0.0,0.0,0.0,1.0,0.0,0.8,20,99,1.0,0.0,0.0,0.8,0.0,0.0,0.0,0.0
150,3,2,2,2,864,0,0,0,0,23,112,0.0,0.0,0.0,0.0,1.0,0.0,0.79,21,100,1.0,0.0,0.0,0.79,0.0,0.0,0.0,0.0
151,0,2,2,2,131,0,0,0,0,49,113,0.0,0.0,0.0,0.0,1.0,0.0,0.57,44,100,1.0,0.0,0.0,0.56,0.0,0.0,0.0,0.0
152,0,2,2,2,131,0,0,0,0,50,114,0.0,0.0,0.0,0.0,1.0,0.0,0.56,45,100,1.0,0.0,0.0,0.55,0.0,0.0,0.0,0.0
153,0,2,2,2,195,0,0,0,0,4,115,0.0,0.0,0.0,0.0,1.0,0.0,0.97,4,100,1.0,0.0,0.04,0.96,0.0,0.0,0.0,0.0
154,0,2,2,2,220,0,0,0,0,5,116,0.0,0.0,0.0,0.0,1.0,0.0,0.96,5,100,1.0,0.0,0.05,0.95,0.0,0.0,0.0,0.0
155,0,2,2,2,243,0,0,0,0,29,117,0.0,0.0,0.0,0.0,0.93,0.07,0.77,22,100,1.0,0.0,0.0,0.78,0.0,0.0,0.0,0.0
156,0,2,2,2,131,0,0,0,0,51,118,0.0,0.0,0.0,0.0,1.0,0.0,0.57,43,100,1.0,0.0,0.0,0.57,0.0,0.0,0.0,0.0
157,0,2,2,2,131,0,0,0,0,52,119,0.0,0.0,0.0,0.0,1.0,0.0,0.56,43,100,1.0,0.0,0.0,0.57,0.0,0.0,0.0,0.0
158,0,2,2,2,167,0,0,0,0,24,120,0.0,0.0,0.0,0.0,1.0,0.0,0.8,20,100,1.0,0.0,0.0,0.8,0.0,0.0,0.0,0.0
159,0,2,2,2,131,0,0,0,0,53,121,0.0,0.0,0.0,0.0,1.0,0.0,0.56,43,100,1.0,0.0,0.0,0.57,0.0,0.0,0.0,0.0
160,3,2,2,2,856,0,0,0,0,25,122,0.0,0.0,0.0,0.0,1.0,0.0,0.8,21,100,1.0,0.0,0.0,0.79,0.0,0.0,0.0,0.0
161,6,2,2,2,996,0,0,0,0,26,123,0.0,0.0,0.0,0.0,1.0,0.0,0.79,22,100,1.0,0.0,0.0,0.78,0.0,0.0,0.0,0.0
162,0,2,2,2,243,0,0,0,0,30,124,0.0,0.0,0.0,0.0,0.93,0.07,0.77,21,100,1.0,0.0,0.01,0.79,0.0,0.0,0.0,0.0
163,0,2,2,2,131,0,0,0,0,54,125,0.0,0.0,0.0,0.0,1.0,0.0,0.57,42,100,1.0,0.0,0.0,0.58,0.0,0.0,0.0,0.0
164,3,2,2,2,864,0,0,0,0,27,126,0.0,0.0,0.0,0.0,1.0,0.0,0.79,22,100,1.0,0.0,0.0,0.78,0.0,0.0,0.0,0.0
165,0,2,2,2,131,0,0,0,0,55,127,0.0,0.0,0.0,0.0,1.0,0.0,0.57,41,100,1.0,0.0,0.0,0.59,0.0,0.0,0.0,0.0
166,15,2,2,2,1074,0,0,0,0,28,128,0.0,0.0,0.0,0.0,1.0,0.0,0.78,23,100,1.0,0.0,0.0,0.77,0.0,0.0,0.0,0.0
167,0,2,2,2,131,0,0,0,0,56,129,0.0,0.0,0.0,0.0,1.0,0.0,0.57,41,100,1.0,0.0,0.0,0.59,0.0,0.0,0.0,0.0
168,3,2,2,2,864,0,0,0,0,29,130,0.0,0.0,0.0,0.0,1.0,0.0,0.78,24,100,1.0,0.0,0.0,0.76,0.0,0.0,0.0,0.0
169,3,2,2,2,864,0,0,0,0,30,131,0.0,0.0,0.0,0.0,1.0,0.0,0.77,25,100,1.0,0.0,0.0,0.75,0.0,0.0,0.0,0.0
170,0,2,2,2,131,0,0,0,0,57,132,0.0,0.0,0.0,0.0,1.0,0.0,0.57,40,100,1.0,0.0,0.0,0.6,0.0,0.0,0.0,0.0
171,1,2,2,2,705,0,0,0,0,6,133,0.0,0.0,0.0,0.0,1.0,0.0,0.95,6,100,1.0,0.0,0.06,0.94,0.0,0.0,0.0,0.0
172,0,2,2,2,222,0,0,0,0,7,134,0.0,0.0,0.0,0.0,1.0,0.0,0.95,7,100,1.0,0.0,0.07,0.93,0.0,0.0,0.0,0.0
173,0,2,2,2,66,0,0,0,0,58,135,0.0,0.0,0.0,0.0,1.0,0.0,0.57,40,100,1.0,0.0,0.0,0.6,0.0,0.0,0.0,0.0
174,0,2,2,2,131,0,0,0,0,59,136,0.0,0.0,0.0,0.0,1.0,0.0,0.57,40,100,1.0,0.0,0.0,0.6,0.0,0.0,0.0,0.0
175,0,2,2,2,131,0,0,0,0,60,137,0.0,0.0,0.0,0.0,1.0,0.0,0.56,41,100,1.0,0.0,0.0,0.59,0.0,0.0,0.0,0.0
176,0,2,2,2,131,0,0,0,0,61,138,0.0,0.0,0.0,0.0,1.0,0.0,0.56,41,100,1.0,0.0,0.0,0.59,0.0,0.0,0.0,0.0
177,0,2,2,2,131,0,0,0,0,62,139,0.0,0.0,0.0,0.0,1.0,0.0,0.55,41,100,1.0,0.0,0.0,0.59,0.0,0.0,0.0,0.0
178,0,2,2,2,131,0,0,0,0,63,140,0.0,0.0,0.0,0.0,1.0,0.0,0.55,42,100,1.0,0.0,0.0,0.58,0.0,0.0,0.0,0.0
179,0,2,2,2,243,0,0,0,0,31,141,0.0,0.0,0.0,0.0,0.94,0.06,0.79,17,100,1.0,0.0,0.02,0.83,0.0,0.0,0.0,0.0
180,0,2,2,2,131,0,0,0,0,64,142,0.0,0.0,0.0,0.0,1.0,0.0,0.55,42,100,1.0,0.0,0.0,0.58,0.0,0.0,0.0,0.0
181,0,2,2,2,185,0,0,0,0,8,143,0.0,0.0,0.0,0.0,1.0,0.0,0.94,8,100,1.0,0.0,0.08,0.92,0.0,0.0,0.0,0.0
182,0,2,2,2,131,0,0,0,0,65,144,0.0,0.0,0.0,0.0,1.0,0.0,0.55,42,100,1.0,0.0,0.0,0.58,0.0,0.0,0.0,0.0
183,0,2,2,2,131,0,0,0,0,66,145,0.0,0.0,0.0,0.0,1.0,0.0,0.54,42,100,1.0,0.0,0.0,0.58,0.0,0.0,0.0,0.0
184,0,2,4,2,152,490,0,0,0,0,0,0.0,0.0,0.0,0.0,0.0,0.0,0.0,0,0,0.0,0.0,0.0,0.0,0.0,0.0,0.0,0.0
185,0,2,4,2,79,255,0,0,0,0,1,0.0,0.0,0.0,0.0,0.0,0.0,1.0,0,1,0.0,0.0,0.5,1.0,0.0,0.0,0.0,0.0
186,0,2,2,2,4629,1884,0,0,0,0,146,0.0,0.0,0.0,0.0,0.0,0.0,1.0,0,98,0.0,0.0,0.0,1.0,0.0,0.0,0.0,0.0
187,0,2,2,2,3389,1984,0,0,0,0,147,0.0,0.0,0.0,0.0,0.0,0.0,1.0,0,98,0.0,0.0,0.0,1.0,0.0,0.0,0.0,0.0
188,0,2,2,2,131,0,0,0,0,67,148,0.0,0.0,0.0,0.0,1.0,0.0,0.55,41,98,1.0,0.0,0.0,0.58,0.0,0.0,0.0,0.0
